0 0
1 0
2 0
3 0
4 0
5 0
6 0
7 0
8 0
9 0
10 0
11 0
12 0
13 0
14 0
15 0
16 0
17 0
18 0
19 0
20 0
21 0
22 0
23 0
24 0
25 0
26 0
27 0
28 0
29 0
30 0
31 0
32 0
33 0
34 0
35 0
36 0
37 0
38 0
39 0
40 0
41 0
42 0
43 0
44 0
45 0
46 0
47 0
48 0
49 0
50 0
51 0
52 0
53 0
54 0
55 0
56 0
57 0
58 0
59 0
60 0
61 0
62 0
63 0
64 0
65 0
66 0
67 0
68 0
69 0
70 0
71 0
72 0
73 0
74 0
75 0
76 0
77 0
78 0
79 0
80 0
81 0
82 0
83 0
84 0
85 0
86 0
87 0
88 0
89 0
90 0
91 0
92 0
93 0
94 0
95 0
96 0
97 0
98 0
99 0
100 0
101 0
102 0
103 0
104 0
105 0
106 0
107 0
108 0
109 0
110 0
111 0
112 0
113 0
114 0
115 0
116 0
117 0
118 0
119 0
120 0
121 0
122 0
123 0
124 0
125 0
126 0
127 0
128 0
129 0
130 0
131 0
132 0
133 0
134 0
135 0
136 0
137 0
138 0
139 0
140 0
141 0
142 0
143 0
144 0
145 0
146 0
147 0
148 0
149 0
150 0
151 0
152 0
153 0
154 0
155 0
156 0
157 0
158 0
159 0
160 0
161 0
162 0
163 0
164 0
165 0
166 0
167 0
168 0
169 0
170 0
171 0
172 0
173 0
174 0
175 0
176 0
177 0
178 0
179 0
180 0
181 0
182 0
183 0
184 0
185 0
186 0
187 0
188 0
189 0
190 0
191 0
192 0
193 0
194 0
195 0
196 0
197 0
198 0
199 0
200 0
201 0
202 0
203 0
204 0
205 0
206 0
207 0
208 0
209 0
210 0
211 0
212 0
213 0
214 0
215 0
216 0
217 0
218 0
219 0
220 0
221 0
222 0
223 0
224 0
225 0
226 0
227 0
228 0
229 0
230 0
231 0
232 0
233 0
234 0
235 0
236 0
237 0
238 0
239 0
240 0
241 0
242 0
243 0
244 0
245 0
246 0
247 0
248 0
249 0
250 0
251 0
252 0
253 0
254 0
255 0
256 0
257 0
258 0
259 0
260 0
261 0
262 0
263 0
264 0
265 0
266 0
267 0
268 0
269 0
270 0
271 0
272 0
273 0
274 0
275 0
276 0
277 0
278 0
279 0
280 0
281 0
282 0
283 0
284 0
285 0
286 0
287 0
288 0
289 0
290 0
291 0
292 0
293 0
294 0
295 0
296 0
297 0
298 0
299 0
300 0
301 0
302 0
303 0
304 0
305 0
306 0
307 0
308 0
309 0
310 0
311 0
312 0
313 0
314 0
315 0
316 0
317 0
318 0
319 0
320 0
321 0
322 0
323 0
324 0
325 0
326 0
327 0
328 0
329 0
330 0
331 0
332 0
333 0
334 0
335 0
336 0
337 0
338 0
339 0
340 0
341 0
342 0
343 0
344 0
345 0
346 0
347 0
348 0
349 0
350 0
351 0
352 0
353 0
354 0
355 0
356 0
357 0
358 0
359 0
360 1
361 0
362 0
363 0
364 0
365 0
366 0
367 0
368 0
369 0
370 0
371 0
372 0
373 0
374 0
375 0
376 0
377 0
378 0
379 0
380 0
381 0
382 0
383 0
384 0
385 0
386 0
387 0
388 0
389 0
390 0
391 0
392 0
393 0
394 0
395 0
396 0
397 0
398 0
399 0
400 0
401 0
402 0
403 0
404 0
405 0
406 0
407 0
408 0
409 0
410 0
411 1
412 0
413 2
414 0
415 1
416 0
417 0
418 0
419 0
420 0
421 0
422 0
423 1
424 0
425 1
426 0
427 0
428 0
429 0
430 0
431 2
432 0
433 0
434 0
435 0
436 1
437 1
438 1
439 0
440 0
441 2
442 1
443 1
444 0
445 0
446 2
447 2
448 1
449 1
450 0
451 0
452 0
453 0
454 0
455 1
456 0
457 0
458 0
459 1
460 3
461 0
462 1
463 4
464 0
465 1
466 4
467 0
468 0
469 2
470 1
471 1
472 1
473 0
474 3
475 0
476 0
477 0
478 2
479 3
480 0
481 2
482 4
483 1
484 2
485 1
486 1
487 2
488 0
489 4
490 2
491 2
492 1
493 1
494 2
495 3
496 6
497 1
498 4
499 0
500 2
501 4
502 5
503 1
504 3
505 4
506 4
507 1
508 5
509 3
510 2
511 3
512 1
513 4
514 4
515 3
516 1
517 0
518 2
519 2
520 4
521 6
522 0
523 3
524 8
525 2
526 4
527 5
528 6
529 6
530 7
531 1
532 4
533 8
534 9
535 5
536 1
537 9
538 3
539 6
540 3
541 5
542 7
543 12
544 9
545 3
546 5
547 8
548 7
549 7
550 10
551 5
552 4
553 5
554 7
555 7
556 17
557 13
558 10
559 6
560 10
561 12
562 8
563 9
564 13
565 16
566 11
567 5
568 9
569 5
570 7
571 11
572 8
573 14
574 10
575 13
576 9
577 7
578 15
579 9
580 7
581 17
582 12
583 19
584 13
585 9
586 10
587 10
588 13
589 8
590 11
591 22
592 13
593 15
594 18
595 13
596 9
597 6
598 9
599 20
600 15
601 13
602 14
603 25
604 15
605 19
606 11
607 13
608 18
609 16
610 8
611 6
612 21
613 18
614 20
615 19
616 16
617 12
618 23
619 26
620 18
621 22
622 12
623 19
624 19
625 18
626 18
627 18
628 23
629 14
630 22
631 18
632 19
633 22
634 27
635 32
636 17
637 20
638 14
639 18
640 23
641 26
642 26
643 20
644 19
645 26
646 18
647 28
648 25
649 27
650 25
651 35
652 24
653 19
654 27
655 28
656 34
657 22
658 25
659 32
660 19
661 17
662 22
663 25
664 30
665 21
666 23
667 22
668 28
669 23
670 27
671 22
672 28
673 23
674 21
675 36
676 34
677 30
678 17
679 25
680 28
681 36
682 28
683 37
684 20
685 18
686 23
687 26
688 38
689 30
690 29
691 34
692 26
693 38
694 28
695 23
696 33
697 21
698 21
699 35
700 27
701 29
702 25
703 30
704 35
705 28
706 30
707 32
708 22
709 26
710 38
711 27
712 40
713 30
714 23
715 23
716 26
717 26
718 36
719 24
720 32
721 34
722 25
723 33
724 31
725 30
726 33
727 34
728 27
729 27
730 29
731 37
732 31
733 33
734 25
735 34
736 28
737 25
738 27
739 26
740 37
741 34
742 35
743 24
744 32
745 30
746 35
747 25
748 37
749 38
750 28
751 35
752 30
753 19
754 28
755 32
756 36
757 27
758 38
759 38
760 30
761 20
762 27
763 27
764 23
765 27
766 36
767 32
768 20
769 36
770 25
771 28
772 40
773 19
774 33
775 35
776 22
777 26
778 27
779 36
780 21
781 24
782 28
783 27
784 33
785 25
786 27
787 24
788 26
789 28
790 25
791 24
792 28
793 24
794 15
795 31
796 31
797 37
798 36
799 29
800 35
801 28
802 27
803 24
804 37
805 25
806 26
807 22
808 19
809 13
810 19
811 23
812 23
813 24
814 28
815 24
816 22
817 19
818 25
819 22
820 21
821 20
822 22
823 21
824 23
825 17
826 22
827 20
828 24
829 15
830 26
831 24
832 17
833 21
834 21
835 24
836 20
837 25
838 24
839 18
840 18
841 15
842 18
843 29
844 15
845 15
846 18
847 25
848 21
849 14
850 15
851 24
852 18
853 20
854 26
855 26
856 20
857 12
858 18
859 17
860 18
861 25
862 21
863 10
864 13
865 13
866 21
867 15
868 22
869 24
870 16
871 19
872 12
873 27
874 24
875 16
876 17
877 20
878 18
879 17
880 15
881 17
882 13
883 11
884 15
885 19
886 18
887 12
888 10
889 18
890 16
891 17
892 16
893 15
894 14
895 10
896 12
897 19
898 16
899 12
900 21
901 5
902 9
903 8
904 6
905 10
906 12
907 6
908 6
909 11
910 6
911 6
912 8
913 10
914 11
915 8
916 11
917 13
918 2
919 12
920 15
921 11
922 12
923 9
924 21
925 8
926 15
927 11
928 17
929 16
930 6
931 4
932 13
933 12
934 10
935 13
936 11
937 8
938 5
939 7
940 9
941 9
942 8
943 10
944 9
945 11
946 6
947 11
948 11
949 6
950 12
951 11
952 5
953 8
954 10
955 11
956 15
957 15
958 9
959 9
960 6
961 11
962 7
963 5
964 5
965 9
966 12
967 7
968 8
969 9
970 3
971 9
972 5
973 6
974 6
975 7
976 8
977 7
978 10
979 6
980 12
981 1
982 7
983 8
984 3
985 9
986 7
987 9
988 3
989 3
990 4
991 7
992 6
993 8
994 1
995 9
996 10
997 6
998 9
999 2
1000 10
1001 9
1002 9
1003 7
1004 4
1005 2
1006 7
1007 7
1008 2
1009 8
1010 5
1011 0
1012 5
1013 3
1014 8
1015 9
1016 3
1017 5
1018 4
1019 8
1020 6
1021 6
1022 4
1023 6
1024 5
1025 3
1026 6
1027 1
1028 5
1029 10
1030 3
1031 9
1032 1
1033 6
1034 7
1035 9
1036 3
1037 6
1038 5
1039 2
1040 4
1041 4
1042 3
1043 2
1044 3
1045 6
1046 7
1047 1
1048 5
1049 4
1050 7
1051 2
1052 6
1053 7
1054 4
1055 8
1056 2
1057 3
1058 4
1059 1
1060 1
1061 7
1062 3
1063 4
1064 9
1065 1
1066 1
1067 4
1068 6
1069 4
1070 5
1071 7
1072 3
1073 6
1074 6
1075 2
1076 7
1077 6
1078 4
1079 5
1080 3
1081 2
1082 5
1083 0
1084 3
1085 4
1086 6
1087 4
1088 5
1089 7
1090 0
1091 2
1092 2
1093 4
1094 2
1095 5
1096 3
1097 3
1098 1
1099 2
1100 3
1101 4
1102 4
1103 3
1104 4
1105 3
1106 3
1107 3
1108 8
1109 5
1110 8
1111 1
1112 1
1113 4
1114 5
1115 1
1116 1
1117 2
1118 2
1119 4
1120 1
1121 3
1122 4
1123 1
1124 5
1125 4
1126 6
1127 5
1128 3
1129 4
1130 3
1131 3
1132 2
1133 2
1134 3
1135 3
1136 3
1137 0
1138 2
1139 2
1140 3
1141 0
1142 5
1143 3
1144 2
1145 1
1146 3
1147 0
1148 1
1149 5
1150 5
1151 3
1152 3
1153 2
1154 3
1155 4
1156 5
1157 3
1158 5
1159 1
1160 3
1161 4
1162 9
1163 1
1164 2
1165 3
1166 4
1167 1
1168 5
1169 2
1170 3
1171 0
1172 2
1173 2
1174 2
1175 2
1176 2
1177 1
1178 3
1179 0
1180 0
1181 2
1182 0
1183 2
1184 4
1185 1
1186 0
1187 1
1188 3
1189 1
1190 3
1191 0
1192 1
1193 1
1194 4
1195 2
1196 1
1197 2
1198 2
1199 1
1200 3
1201 3
1202 0
1203 3
1204 3
1205 2
1206 2
1207 0
1208 2
1209 0
1210 1
1211 2
1212 2
1213 3
1214 6
1215 2
1216 1
1217 2
1218 1
1219 1
1220 1
1221 3
1222 5
1223 3
1224 1
1225 3
1226 1
1227 1
1228 2
1229 0
1230 2
1231 1
1232 2
1233 1
1234 1
1235 1
1236 1
1237 1
1238 2
1239 0
1240 2
1241 1
1242 1
1243 1
1244 2
1245 3
1246 0
1247 2
1248 1
1249 3
1250 2
1251 1
1252 1
1253 0
1254 2
1255 0
1256 2
1257 1
1258 0
1259 1
1260 2
1261 0
1262 1
1263 1
1264 3
1265 3
1266 2
1267 3
1268 0
1269 5
1270 0
1271 0
1272 1
1273 2
1274 1
1275 1
1276 0
1277 2
1278 0
1279 0
1280 2
1281 4
1282 0
1283 3
1284 0
1285 5
1286 2
1287 0
1288 2
1289 0
1290 0
1291 0
1292 3
1293 1
1294 4
1295 2
1296 3
1297 0
1298 1
1299 1
1300 3
1301 0
1302 1
1303 2
1304 0
1305 2
1306 1
1307 0
1308 2
1309 2
1310 3
1311 0
1312 3
1313 0
1314 0
1315 0
1316 1
1317 1
1318 1
1319 0
1320 2
1321 0
1322 2
1323 0
1324 1
1325 0
1326 1
1327 1
1328 1
1329 1
1330 1
1331 1
1332 0
1333 1
1334 0
1335 0
1336 2
1337 0
1338 1
1339 4
1340 1
1341 1
1342 1
1343 0
1344 1
1345 1
1346 0
1347 1
1348 0
1349 0
1350 0
1351 1
1352 1
1353 1
1354 2
1355 1
1356 0
1357 1
1358 2
1359 2
1360 1
1361 1
1362 0
1363 1
1364 0
1365 0
1366 2
1367 3
1368 1
1369 0
1370 0
1371 2
1372 0
1373 0
1374 1
1375 1
1376 0
1377 0
1378 0
1379 2
1380 1
1381 2
1382 2
1383 1
1384 0
1385 0
1386 1
1387 0
1388 0
1389 0
1390 1
1391 0
1392 0
1393 3
1394 0
1395 1
1396 0
1397 1
1398 0
1399 1
1400 0
1401 0
1402 0
1403 2
1404 0
1405 1
1406 2
1407 0
1408 1
1409 1
1410 3
1411 1
1412 0
1413 1
1414 0
1415 0
1416 1
1417 1
1418 0
1419 1
1420 1
1421 3
1422 0
1423 1
1424 2
1425 2
1426 0
1427 1
1428 1
1429 2
1430 0
1431 1
1432 1
1433 0
1434 0
1435 1
1436 1
1437 1
1438 2
1439 1
1440 0
1441 2
1442 1
1443 1
1444 0
1445 0
1446 0
1447 2
1448 1
1449 0
1450 0
1451 1
1452 0
1453 0
1454 3
1455 0
1456 2
1457 0
1458 2
1459 2
1460 0
1461 1
1462 0
1463 1
1464 0
1465 0
1466 1
1467 0
1468 1
1469 0
1470 0
1471 1
1472 0
1473 0
1474 1
1475 1
1476 0
1477 1
1478 0
1479 0
1480 0
1481 0
1482 1
1483 1
1484 0
1485 1
1486 2
1487 0
1488 0
1489 0
1490 0
1491 1
1492 1
1493 0
1494 3
1495 0
1496 1
1497 4
1498 0
1499 0
1500 0
1501 1
1502 0
1503 1
1504 0
1505 2
1506 1
1507 1
1508 0
1509 0
1510 0
1511 0
1512 0
1513 1
1514 0
1515 0
1516 1
1517 0
1518 0
1519 1
1520 1
1521 0
1522 0
1523 0
1524 2
1525 0
1526 0
1527 0
1528 1
1529 0
1530 0
1531 0
1532 0
1533 0
1534 0
1535 0
1536 0
1537 0
1538 0
1539 0
1540 0
1541 0
1542 4
1543 1
1544 0
1545 0
1546 0
1547 0
1548 0
1549 0
1550 1
1551 1
1552 0
1553 0
1554 0
1555 1
1556 3
1557 1
1558 2
1559 1
1560 1
1561 0
1562 2
1563 1
1564 0
1565 0
1566 1
1567 0
1568 0
1569 0
1570 0
1571 0
1572 0
1573 0
1574 0
1575 0
1576 0
1577 0
1578 0
1579 0
1580 1
1581 0
1582 2
1583 2
1584 0
1585 0
1586 0
1587 1
1588 0
1589 0
1590 0
1591 0
1592 0
1593 0
1594 1
1595 0
1596 0
1597 0
1598 0
1599 1
1600 0
1601 0
1602 0
1603 0
1604 0
1605 0
1606 0
1607 0
1608 0
1609 0
1610 0
1611 1
1612 0
1613 0
1614 1
1615 0
1616 0
1617 0
1618 1
1619 2
1620 0
1621 0
1622 0
1623 0
1624 0
1625 0
1626 1
1627 0
1628 0
1629 1
1630 0
1631 0
1632 0
1633 1
1634 0
1635 0
1636 0
1637 0
1638 0
1639 0
1640 0
1641 0
1642 0
1643 0
1644 0
1645 0
1646 0
1647 1
1648 1
1649 0
1650 1
1651 0
1652 0
1653 0
1654 1
1655 0
1656 0
1657 0
1658 0
1659 0
1660 1
1661 0
1662 0
1663 1
1664 0
1665 0
1666 0
1667 0
1668 0
1669 0
1670 0
1671 0
1672 0
1673 0
1674 0
1675 0
1676 1
1677 0
1678 0
1679 1
1680 0
1681 0
1682 0
1683 0
1684 0
1685 0
1686 1
1687 0
1688 0
1689 0
1690 0
1691 0
1692 0
1693 0
1694 0
1695 1
1696 0
1697 0
1698 0
1699 0
1700 0
1701 0
1702 0
1703 0
1704 0
1705 0
1706 0
1707 0
1708 0
1709 0
1710 0
1711 0
1712 0
1713 0
1714 1
1715 0
1716 0
1717 0
1718 0
1719 0
1720 0
1721 0
1722 0
1723 0
1724 0
1725 0
1726 0
1727 0
1728 1
1729 0
1730 0
1731 0
1732 0
1733 0
1734 0
1735 1
1736 0
1737 0
1738 0
1739 0
1740 0
1741 0
1742 0
1743 0
1744 0
1745 0
1746 0
1747 0
1748 0
1749 0
1750 0
1751 0
1752 0
1753 0
1754 0
1755 0
1756 0
1757 0
1758 0
1759 0
1760 0
1761 0
1762 0
1763 0
1764 0
1765 0
1766 0
1767 0
1768 0
1769 0
1770 0
1771 0
1772 0
1773 0
1774 0
1775 0
1776 0
1777 0
1778 0
1779 0
1780 0
1781 0
1782 0
1783 0
1784 0
1785 0
1786 0
1787 0
1788 0
1789 0
1790 0
1791 0
1792 0
1793 0
1794 0
1795 0
1796 0
1797 0
1798 0
1799 0
1800 0
1801 0
1802 0
1803 0
1804 0
1805 0
1806 0
1807 0
1808 0
1809 0
1810 0
1811 0
1812 0
1813 0
1814 0
1815 0
1816 0
1817 0
1818 0
1819 0
1820 0
1821 0
1822 0
1823 0
1824 1
1825 0
1826 0
1827 0
1828 0
1829 0
1830 0
1831 0
1832 0
1833 0
1834 0
1835 0
1836 0
1837 0
1838 0
1839 0
1840 0
1841 1
1842 0
1843 0
1844 0
1845 0
1846 0
1847 0
1848 0
1849 0
1850 0
1851 0
1852 0
1853 0
1854 0
1855 0
1856 0
1857 0
1858 0
1859 0
1860 0
1861 0
1862 0
1863 0
1864 0
1865 0
1866 0
1867 0
1868 0
1869 0
1870 0
1871 0
1872 0
1873 0
1874 0
1875 0
1876 0
1877 0
1878 0
1879 0
1880 0
1881 0
1882 0
1883 0
1884 0
1885 0
1886 1
1887 0
1888 0
1889 0
1890 0
1891 1
1892 0
1893 0
1894 0
1895 0
1896 0
1897 0
1898 0
1899 0
1900 0
1901 0
1902 0
1903 0
1904 0
1905 0
1906 0
1907 0
1908 0
1909 0
1910 0
1911 0
1912 0
1913 0
1914 0
1915 0
1916 0
1917 0
1918 0
1919 0
1920 0
1921 0
1922 0
1923 0
1924 0
1925 0
1926 0
1927 0
1928 0
1929 0
1930 0
1931 0
1932 0
1933 0
1934 0
1935 0
1936 0
1937 0
1938 0
1939 0
1940 0
1941 0
1942 0
1943 0
1944 0
1945 0
1946 0
1947 0
1948 0
1949 0
1950 0
1951 0
1952 0
1953 0
1954 0
1955 0
1956 0
1957 0
1958 0
1959 0
1960 0
1961 0
1962 0
1963 0
1964 0
1965 0
1966 0
1967 0
1968 0
1969 0
1970 0
1971 0
1972 0
1973 0
1974 0
1975 0
1976 0
1977 0
1978 0
1979 0
1980 0
1981 0
1982 0
1983 0
1984 0
1985 0
1986 0
1987 0
1988 0
1989 0
1990 0
1991 0
1992 0
1993 0
1994 0
1995 0
1996 0
1997 0
1998 0
1999 0
2000 0
2001 0
2002 0
2003 0
2004 0
2005 0
2006 0
2007 0
2008 0
2009 0
2010 0
2011 0
2012 0
2013 0
2014 0
2015 0
2016 0
2017 0
2018 0
2019 0
2020 0
2021 0
2022 0
2023 0
2024 0
2025 0
2026 0
2027 0
2028 0
2029 0
2030 0
2031 0
2032 0
2033 0
2034 0
2035 0
2036 0
2037 0
2038 0
2039 0
2040 0
2041 0
2042 0
2043 0
2044 0
2045 0
2046 0
2047 0
2048 0
2049 0
2050 0
2051 0
2052 0
2053 0
2054 0
2055 0
2056 0
2057 0
2058 0
2059 0
2060 0
2061 0
2062 0
2063 0
2064 0
2065 0
2066 0
2067 0
2068 0
2069 0
2070 0
2071 0
2072 0
2073 0
2074 0
2075 0
2076 0
2077 0
2078 0
2079 0
2080 0
2081 0
2082 0
2083 0
2084 0
2085 0
2086 0
2087 0
2088 0
2089 0
2090 0
2091 0
2092 0
2093 0
2094 0
2095 0
2096 0
2097 0
2098 0
2099 0
2100 0
2101 0
2102 0
2103 0
2104 0
2105 0
2106 0
2107 0
2108 0
2109 0
2110 0
2111 0
2112 0
2113 0
2114 0
2115 0
2116 0
2117 0
2118 0
2119 0
2120 0
2121 0
2122 0
2123 0
2124 0
2125 0
2126 0
2127 0
2128 0
2129 0
2130 0
2131 0
2132 0
2133 0
2134 0
2135 0
2136 0
2137 0
2138 0
2139 0
2140 0
2141 0
2142 0
2143 0
2144 0
2145 0
2146 0
2147 0
2148 0
2149 0
2150 0
2151 0
2152 0
2153 0
2154 0
2155 0
2156 0
2157 0
2158 0
2159 0
2160 0
2161 0
2162 0
2163 0
2164 0
2165 0
2166 0
2167 0
2168 0
2169 0
2170 0
2171 0
2172 0
2173 0
2174 0
2175 0
2176 0
2177 0
2178 0
2179 0
2180 0
2181 0
2182 0
2183 0
2184 0
2185 0
2186 0
2187 0
2188 0
2189 0
2190 0
2191 0
2192 0
2193 0
2194 0
2195 0
2196 0
2197 0
2198 0
2199 0
2200 0
2201 0
2202 0
2203 0
2204 0
2205 0
2206 0
2207 0
2208 0
2209 0
2210 0
2211 0
2212 0
2213 0
2214 0
2215 0
2216 0
2217 0
2218 0
2219 0
2220 0
2221 0
2222 0
2223 0
2224 0
2225 0
2226 0
2227 0
2228 0
2229 0
2230 0
2231 0
2232 0
2233 0
2234 0
2235 0
2236 0
2237 0
2238 0
2239 0
2240 0
2241 0
2242 0
2243 0
2244 0
2245 0
2246 0
2247 0
2248 0
2249 0
2250 0
2251 0
2252 0
2253 0
2254 0
2255 0
2256 0
2257 0
2258 0
2259 0
2260 0
2261 0
2262 0
2263 0
2264 0
2265 0
2266 0
2267 0
2268 0
2269 0
2270 0
2271 0
2272 0
2273 0
2274 0
2275 0
2276 0
2277 0
2278 0
2279 0
2280 0
2281 0
2282 0
2283 0
2284 0
2285 0
2286 0
2287 0
2288 0
2289 0
2290 0
2291 0
2292 0
2293 0
2294 0
2295 0
2296 0
2297 0
2298 0
2299 0
2300 0
2301 0
2302 0
2303 0
2304 0
2305 0
2306 0
2307 0
2308 0
2309 0
2310 0
2311 0
2312 0
2313 0
2314 0
2315 0
2316 0
2317 0
2318 0
2319 0
2320 0
2321 0
2322 0
2323 0
2324 0
2325 0
2326 0
2327 0
2328 0
2329 0
2330 0
2331 0
2332 0
2333 0
2334 0
2335 0
2336 0
2337 0
2338 0
2339 0
2340 0
2341 0
2342 0
2343 0
2344 0
2345 0
2346 0
2347 0
2348 0
2349 0
2350 0
2351 0
2352 0
2353 0
2354 0
2355 0
2356 0
2357 0
2358 0
2359 0
2360 0
2361 0
2362 0
2363 0
2364 0
2365 0
2366 0
2367 0
2368 0
2369 0
2370 0
2371 0
2372 0
2373 0
2374 0
2375 0
2376 0
2377 0
2378 0
2379 0
2380 0
2381 0
2382 0
2383 0
2384 0
2385 0
2386 0
2387 0
2388 0
2389 0
2390 0
2391 0
2392 0
2393 0
2394 0
2395 0
2396 0
2397 0
2398 0
2399 0
2400 0
2401 0
2402 0
2403 0
2404 0
2405 0
2406 0
2407 0
2408 0
2409 0
2410 0
2411 0
2412 0
2413 0
2414 0
2415 0
2416 0
2417 0
2418 0
2419 0
2420 0
2421 0
2422 0
2423 0
2424 0
2425 0
2426 0
2427 0
2428 0
2429 0
2430 0
2431 0
2432 0
2433 0
2434 0
2435 0
2436 0
2437 0
2438 0
2439 0
2440 0
2441 0
2442 0
2443 0
2444 0
2445 0
2446 0
2447 0
2448 0
2449 0
2450 0
2451 0
2452 0
2453 0
2454 0
2455 0
2456 0
2457 0
2458 0
2459 0
2460 0
2461 0
2462 0
2463 0
2464 0
2465 0
2466 0
2467 0
2468 0
2469 0
2470 0
2471 0
2472 0
2473 0
2474 0
2475 0
2476 0
2477 0
2478 0
2479 0
2480 0
2481 0
2482 0
2483 0
2484 0
2485 0
2486 0
2487 0
2488 0
2489 0
2490 0
2491 0
2492 0
2493 0
2494 0
2495 0
2496 0
2497 0
2498 0
2499 0
2500 0
